             2018-08-01 2018-08-02 2018-08-03 2018-08-04 2018-08-05 2018-08-06 2018-08-07 2018-08-08 2018-08-09 2018-08-10 2018-08-11 2018-08-12 2018-08-13 2018-08-14 2018-08-15 2018-08-16 2018-08-17 2018-08-18 2018-08-19 2018-08-20 2018-08-21 2018-08-22 2018-08-23 2018-08-24 2018-08-25 2018-08-26 2018-08-27 2018-08-28 2018-08-29 2018-08-30 2018-08-31
chicago              58         80        105        129         67         58         51         71         80         47         54         45        101        105         50         67         84         43         67         42         42         39         49         42         45         77         54         45         31         39         67
dallas              136        147        147        100         40         51         54         61         90         47         41         41         26         29         42         47         47         51         43        122        156        164        133        108         54         58         58         44         61         61         77
denver              119        140         80         90         77         93        100        105        115        126        112        100        151        112        126        136        122         58         64        112         51         71         71        133         90         54         51         67         74         50         44
elpaso              119         97        101        154         74         46         45         49         47         61         58         67        112         84         61         58         77         58         80         61         47         46         61         54         61         49         48         51        100        101         67
houston             122        126        119         39         61         42         36         36         31         40         28         21         42         43         42         37         40         33         31         31         44        108        185        164        122         51         44         37         37         51         84
indianapolis         50         58         54         54         49         44         36         41         48         58         37         42         51         51         22         29         40         44         43         35         34         33         61         39         41         43         42         41         41         46         49
jacksonville         25         24         27         30         28         34         31         40         24         36         37         37         36         33         30         35         34         33         28         27         21         31         43         42         38         29         22         29         21         21         21
losangeles           80        115        112        154        151        197        201        112        172         93         74         90         87         80        100         97        129        126        136        101        112         93         93        126        147        133        119        101         71         97        164
memphis              49         67        115         45         39         43         44         48         41         51         67         46         50         39         37         34         46         58         40         34         32         46         45         49         54         43         43         36         33         44         37
newyork              42         44         31         41         87        122         97        112         58         77         44         77         33         50         48         97        115         58         28         33         40         45         34         64         51         71         77        115        143         64         31
phoenix             140        161        122         87         74        112        108        122        115        119        136        101        115         87        105         80        100         61         71         77         77         77         67         58         74         58         47         90         67         71        115
portland             47         21         21         37         43         74        100        119         87         41         19         25         42        115         90         33         46         49         84         43         51        119         34         27         36         24         30         44         46         27         27
sanantonio          129        143        101         41         29         45         35         40         42         41         28         20         24         29         34         32         37         40         38         43         43         44         49         40         37         36         34         33         35         41         44
sanjose              54         48        105         46         36         58         47        100        133         74         42         39         43         47         54         84         74         84         48         44         50         47         50         87         61         45         28         30         39         42         48
seattle              38         31         22         37         50         64         84        129        122         80         20         31         45         90        112        112         39         64         58         74         84        129         61         33         26         23         32         43         40         26         25
